(* Created with the Wolfram Language : www.wolfram.com *)
"This data was created with the following parameters:"
k = 20
DeformationProbes = {{0.2, 0.4}, {0.3, 0.4}, {0.4, 0.4}}
PertData[1] = 1 - 0.102352941176470575300619640439785142590767661401078499450\
757133572322915929456555521517198721956`79.12071137676467*g^2 - 
     0.1126795847750865106329487358387769337970334386323053381063657535816720\
93337344936887584383849605`78.64860787373917*g^4 + 0.008070975778546721490513\
30909421974784259570302375693284110303623499300870120854899564621506495`77.01\
268964768586*g^6 - 0.07247858319943488360246847897131985760910305789272139106\
9612779774107067132178590752905877959151`77.45109700523666*g^8 + 
     0.0492471317497922962081915247326505074041188109661463795858182424737761\
21203271421059935366086783`76.72804656756394*g^10 - 
     0.1933843676854996935224648883690514329283516804833764684523554021616399\
85122396006903150231091593`76.72507530213093*g^12 + 
     0.3001090716148889479381804818602900725481630631217145080470908838043547\
25163543392483089267060652`76.27745443297988*g^14 - 
     1.0576910064672748211381875927775151168896880578876551638618895225060659\
26529720415776771802315146`76.14655215523547*g^16 + 
     2.6360845158339786702775505493593204135451221001435853470094810766195410\
1567870812158827058038923`75.82781468184606*g^18 - 9.836051811280984414127297\
913270544251477392871972212806588267793197932573118710543018804218029538`75.6\
4921650669376*g^20 + 33.23146718974862166759614507681428735529984065508001092\
9147034377179282285313702372995410022337631`75.39447909110034*g^22 - 
     138.86412282663441335326705074090268488379827000426006701453765870167772\
0736875599136233823505941356`75.20102605742932*g^24 + 
     581.05620589953835336936770718273816192614302973863651057981106052274462\
2569978094751303163851699147`74.97894380442405*g^26 - 
     2757.4306391983651181056455175796938830317965184684809567995455492327150\
03062301030373225607099388367`74.78395561183537*g^28 + 
     13597.280797542609498594696966023765965917000515707884606187809354264269\
943416395264086736022884974212`74.57956567820024*g^30 - 
     73058.266559840112858396092770634248287020139840474926503651022655322523\
470712391497008092625969157405`74.38774736434746*g^32 + 
     412375.14133801654349143703845535500799044049596915700980099743103188484\
7442558734631595792729860920663`74.19387746496488*g^34 - 
     2.4867537318432693814495998673674887464922474977834283594834170754647676\
66516540546262748179347671849296`74.0063978261935*^6*g^36 + 
     1.5768987036470644813547542128330840195247640969605315256458496063803393\
81942659586304`73.81945415730529*^7*g^38 - 1.05681860082124256230956402843891\
32000350812484307151114365174349713892827080280359226`73.63618621765609*^8*
      g^40
 
PertData[2] = 1 - 0.081426174496644289005807179680283222745351719984897122860\
996440920755269746088576605627892264644`78.92796036801181*g^2 - 
     0.0973014788185216934441574704129651148584558841158452194589297680164311\
41843116622370070111275341`78.45120140578081*g^4 - 0.006950578779531320308879\
456646460994990515065973244768587248447128207522204586863380866122630933`76.7\
890977065943*g^6 - 0.03690793470157915390822705872826008982819509880444502737\
0629461721347132654839333439330536840961`76.97800924898951*g^8 + 
     0.0056031604302749739111804047143914246910721243651888553206027766234469\
41659212061788602801680638`75.58579704327458*g^10 - 
     0.0735597402942327017006565209329475946803157791120242643193772889113573\
8073290399364547924166534`76.08978295817535*g^12 + 0.068613161660330335220873\
496385841855542230317013030887026089599734720966081402161325015241555754`75.4\
0423807669141*g^14 - 0.321419619155977163358796290122378720375544690098523568\
428141440823903304564397908367114060560221`75.3799686326695*g^16 + 
     0.6179625637074983263639222737151083631194880884144588022595670476341219\
86945947262633722253313884`74.93125505592842*g^18 - 
     2.4453003300855725628969260847376202184224752454328385960021093185481046\
36252406914858063082948917`74.76049356258217*g^20 + 
     7.0144705715736607953426485839361475480077748102320627682985452993706722\
4852351790228470800068843`74.41659664388698*g^22 - 28.45915833761596660431818\
5192880972567627768280032148353188954490297458131359840425973416348629934`74.\
19182709653292*g^24 + 105.090563270816517282785162644361952146662728443820893\
886497112004973717582262014980041382767498752`73.89657981760881*g^26 - 
     465.81579129752416236020711035118261322820396816837694300334875360361445\
734794840196470877403330348`73.65274160618675*g^28 + 
     2057.6457643014596060825392468808534039121993197034686298580806766310820\
66181991218101908705472862591`73.38105366547653*g^30 - 
     10141.685081256773027061594669865440958012231494317105820719094511190072\
335032221572345912860239377779`73.13199925879799*g^32 + 
     51545.602690086749684839408614808477555399431178034267032364748104389682\
906654151289693403876587142997`72.87261748643225*g^34 - 
     282617.60911316974630052668240392631831148722543857120268706264073314353\
965481803467`72.62365942932259*g^36 + 1.6157951361095935799732639141903991976\
0321987908337473578952019110979423253435388879`72.37144418851992*^6*g^38 - 
     9.8001867545782495780661367056804004363297146275424847334191837230109564\
7193394445434`72.12442871105213*^6*g^40
 
PertData[3] = 1 - 0.054878048780487791668970557701885506993027130418648929503\
082009471492764561043908972555297238999`78.7039415408387*g^2 - 
     0.0922441998810232012007956371516959639081888620476944632183866541282071\
7421471652646136320441054`78.33814582168768*g^4 - 0.0102896341463414609379319\
79569103532561192586953496674281827876775904893355195732932354118233094`76.85\
25302567638*g^6 - 0.020596958839693979032389080443143691795912465967405598004\
21686854694241822555852317366774801886`76.5995845513254*g^8 - 
     0.0110198668640998361742300037312670185629813715605255949147428762390562\
29370222618983223251342052`75.73606860750269*g^10 - 
     0.0202694469395733489961159675445038443270687382578661592774109151851956\
98267633218118548259790156`75.36661489282886*g^12 - 
     0.0200118415850950145304896745916905782563352228252586006697252261617536\
84614793089387545170153336`74.68445674502341*g^14 - 
     0.0386265073945359738550063957834343463261305416486967279043029374825244\
66454668626213980129384456`74.25243868716356*g^16 - 
     0.0552266587934798100450739802254189549772367934029267798740455732429288\
01207326410471962981513786`73.6511534240003*g^18 - 0.117056873794220920092163\
853571276713397445845350415585730938249417140262630857338106749897508516`73.1\
8419975028556*g^20 - 0.217110985445579532539808896375087201213295228402430085\
329344480436738590954862264204205595226555`72.6248811699079*g^22 - 
     0.5143542478915455325599204648121478553072586824136373466295177259706161\
42876005047291594725347525`72.13959093287387*g^24 - 
     1.1635733703325519412049306299484656970954811914868918084932074151161522\
26162942635690632703406322`71.60395982983884*g^26 - 
     3.0930691368296745866534554318950300204930645527307448642953843558495538\
13708415054902010460247476`71.10990835560833*g^28 - 
     8.2139540099473614459563512791643437957904132043771358100063974119807891\
17589749629249095307380681`70.58858135829632*g^30 - 
     24.424538058112515567024388540943841713990946443878516995003407022850454\
526683589669194092057485687`70.09101266280366*g^32 - 
     74.215757734460776938548054172066844752027833519990777675537830192769910\
159836312233002356815119902`69.57883622218627*g^34 - 
     245.33879023327752389781598540871049411154424139868963761345547612001658\
282398809`69.08048138552553*g^36 - 837.61412584209537792261623561031290691275\
568647044307666012321952295184568930991`68.57446894783547*g^38 - 
     3056.2372219831100935262746122089150207917621175971417351202742030864066\
5879955125`68.07667133011338*g^40
